5, 5
578, 533

5, 4
592, 431

5, 5
557, 550

7, 7
745, 745

5, 5
550, 576

7, 6
713, 615

7, 6
765, 675

7, 5
745, 523

5, 0
559, 62

0, 2
90, 245

0, 3
73, 324

0, 3
88, 331

1, 3
113, 342

4, 0
464, 51

5, 6
537, 609

5, 5
546, 559

5, 1
536, 191

5, 2
546, 221

4, 5
451, 589

4, 5
448, 574

4, 6
444, 623

4, 5
443, 563

4, 5
453, 554

4, 4
403, 437

4, 5
441, 553

3, 4
342, 453

4, 5
479, 537

5, 4
540, 475

4, 5
484, 550

6, 5
664, 522

4, 5
456, 560

2, 5
276, 533

5, 6
570, 648

5, 5
523, 503

5, 5
546, 531

3, 4
396, 412

3, 4
398, 441

5, 3
538, 385

5, 3
508, 378

1, 3
193, 351

1, 3
190, 351

6, 4
646, 450

6, 4
643, 451

5, 6
571, 653

4, 6
431, 679

4, 4
428, 475

3, 1
349, 164

3, 3
339, 351

5, 3
519, 369

3, 7
368, 751

4, 0
463, 63

3, 7
352, 704

4, 0
438, 54

4, 7
438, 746

4, 0
450, 46

5, 6
544, 631

5, 4
544, 445

3, 3
359, 332

4, 4
433, 439

3, 3
342, 354

4, 4
426, 451

3, 3
349, 358

4, 7
466, 766

3, 3
361, 353

4, 4
439, 453

3, 3
368, 388

3, 4
342, 458

4, 7
465, 753

4, 0
452, 14

4, 7
457, 704

4, 0
450, 62

4, 7
485, 710

4, 0
472, 40

4, 7
463, 713

5, 1
566, 143

3, 7
348, 756

5, 1
563, 178

5, 1
559, 183

3, 6
358, 667

5, 1
543, 146

3, 6
361, 616

3, 6
343, 661

5, 1
598, 140

4, 4
452, 439

4, 1
436, 141

4, 3
450, 390

4, 3
449, 323

4, 4
476, 488

4, 0
429, 45

4, 7
446, 741

4, 0
446, 43

4, 2
412, 257

6, 7
627, 724

4, 2
459, 264

5, 6
563, 655

5, 6
561, 661

4, 2
449, 288

6, 7
639, 714

4, 2
466, 249

5, 5
533, 526

5, 6
502, 609

6, 7
652, 754

5, 5
556, 553

6, 7
649, 743

5, 5
563, 532

6, 7
655, 736

5, 5
514, 523

6, 6
605, 689

5, 5
543, 582

6, 7
610, 713

5, 5
538, 576

5, 6
599, 655

4, 6
466, 619

4, 5
479, 599

4, 3
446, 396

4, 1
450, 161

4, 3
454, 329

4, 5
460, 594

4, 4
459, 445

4, 6
425, 606

4, 4
434, 443

3, 6
358, 649

3, 4
375, 445

4, 3
430, 331

3, 4
374, 454

4, 3
456, 362

3, 4
321, 458

4, 3
428, 364

4, 3
460, 350

3, 4
386, 437

4, 3
453, 351

3, 4
385, 439

4, 3
464, 379

3, 4
392, 455

4, 3
436, 399

3, 4
362, 458

3, 4
368, 445

4, 3
400, 340

4, 6
463, 684

4, 5
440, 534

4, 7
467, 771

4, 0
447, 73

3, 6
307, 630

4, 7
460, 749

3, 6
347, 645

4, 7
437, 731

4, 6
445, 624

5, 6
548, 625

4, 6
437, 627

2, 5
290, 524

3, 3
330, 397

3, 5
360, 569

3, 6
377, 651

5, 5
502, 523

4, 7
487, 786

2, 5
251, 540

4, 6
445, 643

4, 7
457, 756

3, 5
340, 552

5, 7
565, 782

4, 3
428, 335

3, 7
356, 747

4, 6
418, 650

3, 7
382, 795

4, 6
429, 639

3, 6
365, 602

5, 5
545, 540

6, 4
676, 445

6, 7
640, 747

5, 5
548, 542

1, 0
132, 85

2, 2
211, 256

4, 6
452, 665

4, 4
440, 443

4, 1
450, 170

4, 3
466, 363

4, 7
471, 798

4, 0
444, 50

4, 3
443, 371

3, 1
346, 187

3, 2
370, 281

4, 3
408, 320

4, 4
451, 481

4, 4
432, 480

4, 6
487, 673

4, 4
450, 431

3, 6
374, 666

3, 4
341, 455

4, 3
432, 338

4, 1
483, 125

4, 3
450, 346

3, 1
353, 149

3, 3
363, 383

2, 1
278, 148

2, 2
272, 262

5, 1
551, 158

5, 2
543, 232

5, 2
543, 234

5, 3
552, 309

5, 3
555, 318

5, 3
557, 382

5, 4
560, 426

5, 4
562, 448

5, 6
546, 626

5, 6
572, 637

6, 6
627, 642

6, 6
675, 643

7, 6
718, 626

7, 5
740, 581

5, 4
518, 433

5, 5
543, 557

7, 5
785, 564

7, 4
743, 441

4, 3
462, 378

5, 3
555, 355

5, 0
527, 76

5, 2
543, 266

7, 4
733, 438

6, 3
648, 384

6, 3
648, 384

5, 2
538, 296

6, 2
655, 238

6, 1
615, 142

6, 1
628, 176

6, 2
646, 230

6, 2
651, 250

6, 3
655, 319

6, 3
684, 352

6, 4
683, 464

6, 6
675, 647

6, 4
653, 460

5, 6
573, 622

6, 7
638, 733

5, 5
554, 545

5, 6
556, 624

4, 6
446, 624

3, 6
349, 635

3, 7
399, 714

4, 7
448, 737

3, 7
383, 797

4, 7
421, 770

3, 7
388, 763

4, 7
439, 759

3, 7
389, 749

4, 7
443, 753

3, 7
393, 745

4, 7
487, 745

5, 7
556, 741

4, 5
406, 551

4, 5
421, 560

2, 2
272, 206

2, 1
274, 167

2, 2
281, 263

2, 1
293, 146

2, 2
270, 243

3, 3
393, 342

3, 3
356, 342

4, 3
489, 327

4, 3
491, 353

7, 3
759, 344

6, 7
646, 720

5, 5
552, 557

6, 6
654, 676

6, 4
655, 438

6, 4
630, 442

4, 0
449, 69

5, 6
540, 634

4, 4
467, 481

4, 4
467, 481

4, 5
464, 530

4, 6
420, 643

4, 5
463, 562

4, 5
467, 580

4, 1
428, 189

4, 5
436, 552

4, 1
450, 114

4, 5
469, 539

3, 6
342, 659

3, 7
367, 729

4, 7
435, 735

5, 7
509, 732

5, 7
574, 734

6, 7
677, 705

5, 2
569, 202

5, 2
575, 245

5, 1
580, 178

5, 6
577, 657

4, 4
463, 447

4, 4
465, 435

4, 1
476, 125

4, 1
476, 125

4, 0
467, 58

3, 0
367, 42

2, 0
279, 32

4, 0
434, 53

3, 0
367, 50

4, 0
460, 60

4, 6
442, 653

4, 7
438, 713

4, 6
438, 639

4, 6
466, 676

3, 0
341, 64

3, 0
343, 69

0, 0
38, 66

0, 0
38, 66

7, 0
733, 40

7, 0
733, 40

7, 1
748, 143

7, 1
709, 146

6, 1
674, 153

6, 0
645, 60

6, 1
651, 136

6, 0
652, 73

5, 0
533, 34

6, 1
637, 140

6, 6
635, 693

6, 7
636, 751

6, 6
642, 645

6, 6
626, 628

6, 5
624, 509

6, 5
624, 508

6, 6
638, 627

7, 6
745, 640

7, 7
745, 736

6, 6
679, 677

5, 7
562, 755

5, 6
593, 652

5, 6
568, 663

5, 4
503, 490

4, 4
434, 493

5, 4
533, 467

5, 6
530, 651

5, 6
554, 600

5, 6
544, 644

4, 4
467, 466

4, 4
462, 466

4, 4
452, 447

4, 4
452, 447

5, 4
550, 433

4, 4
427, 440

5, 4
578, 456

5, 4
563, 450

6, 4
658, 451

6, 4
658, 451

4, 6
493, 657

4, 6
490, 657

4, 6
470, 681

4, 6
470, 681

4, 6
470, 681

4, 7
468, 725

4, 6
460, 676

4, 7
471, 730

4, 6
465, 675

4, 7
480, 724

4, 6
460, 678

4, 6
457, 640

4, 6
457, 640

4, 6
467, 655

4, 6
474, 652

5, 6
526, 626

4, 6
425, 650

5, 6
560, 652

4, 6
483, 651

4, 6
465, 655

4, 6
463, 655

4, 6
465, 654

4, 1
436, 155

4, 1
436, 155

4, 6
462, 622

4, 5
449, 521

5, 6
501, 637

5, 5
525, 534

6, 6
648, 616

6, 5
633, 551

6, 6
660, 646

6, 5
642, 549

6, 6
662, 639

5, 5
588, 567

5, 6
572, 634

4, 5
447, 557

4, 6
458, 674

4, 6
440, 637

4, 4
435, 420

4, 1
433, 159

4, 3
441, 312

6, 7
639, 719

5, 5
564, 547

1, 0
168, 69

2, 2
248, 219

4, 6
445, 699

4, 7
442, 729

4, 0
442, 50

